-1.492539999999999943e-05
1.194029999999999984e-05
-5.970149999999999921e-06
-1.492539999999999943e-05
2.985070000000000034e-06
-6.865669999999999607e-05
-1.223879999999999944e-04
-1.940299999999999837e-04
-2.388060000000000172e-04
-1.223879999999999944e-04
-9.552239999999999874e-05
-5.970149999999999921e-06
-5.970150000000000429e-05
-1.313429999999999925e-04
-1.223879999999999944e-04
-1.044780000000000117e-04
-9.552239999999999874e-05
-3.283580000000000027e-04
-5.164180000000000419e-04
-7.134329999999999708e-04
-6.955219999999999589e-04
-5.701489999999999380e-04
-4.179099999999999612e-04
-3.731340000000000091e-04
-4.179099999999999612e-04
-4.716420000000000356e-04
-4.895519999999999776e-04
-4.358209999999999732e-04
-4.805969999999999795e-04
-5.253729999999999858e-04
-7.044780000000000269e-04
-8.925369999999999962e-04
-9.641790000000000126e-04
-9.104479999999998997e-04
-6.955219999999999589e-04
-4.985070000000000300e-04
-4.089549999999999631e-04
-4.447760000000000255e-04
-5.611939999999999941e-04
-5.970150000000000023e-04
